81920000
40302242
57122
169869312
1377495072
252495392
3012276962
746602082
2243026242
131220000
314703872
644835872
10616832
119939072
225101762
443066912
27691682
1411823522
8201250
1620000
2498396672
192119202
50823362
2194398752
94916642
374777442
15780962
59973152
9759362
6223392
53747712
35701250
13122
200000000
3073907232
1710072162
216486432
260642
37949472
536870912
2097152
836323202
1229312
104401250
3359232
2717908992
2592
48020000
76832
42762752
282316322
813173792
704550722
2007751712
559682
884101250
149610402
1518666272
90424352
1184481792
29282
77900162
19668992
18301250
684204032
1154401250
162
349801250
664301250
1833272352
959570432
1482401250
588999842
2551979682
109401632
908743712
45334242
553845762
3136478402
21112002
1670420000
2774976002
387755552
468512
1278257922
41472
571220000
457773282
233971712
504094752
388962
-900
2445661922
790508322
292820000
326094722
2053251362
-1000
162901250
